11111111011010011000100110010011
00000001001110010000101000110011
00000000000000000010101010010111
11111111100010101000101010010011
00000001010010101010100000100011
00000000001110100001101100010011
00000100010110000000100000010011
00000000000000000000111010010111
00000000110011101000111010010011
00000001000010101010001000100011
00000001000010101000000110100011
00000000101010001000100010010011
00000001000100101000001010010011
11111111110011101000111010010011
00000000110010010000100100010011
11111111011010011000100110010011
11111111011010011000100110010011
00000001001110010000101000110011
00000000000000000010101010010111
11111011100010101000101010010011
00000001010010101010100000100011
00000000001110100001101100010011
00000100010110000000100000010011
00000000000000000000111010010111
00000000110011101000111010010011
00000000110010010000100100010011
11111111011010011000100110010011
00000001001110010000101000110011
00000000000000000010101010010111
11111001000010101000101010010011
00000001010010101010100000100011
00000000001110100001101100010011
00000100010110000000100000010011
00000000000000000000111010010111
00000000110011101000111010010011
00000000110010010000100100010011
11111111011010011000100110010011
00000001001110010000101000110011
00000000000000000010101010010111
11110110100010101000101010010011
00000001010010101010100000100011
00000000001110100001101100010011
00000100010110000000100000010011
00000000000000000000111010010111
00000000110011101000111010010011
00000000110010010000100100010011
11111111011010011000100110010011
00000001001110010000101000110011
00000000000000000010101010010111
11110100000010101000101010010011
00000001010010101010100000100011
00000000001110100001101100010011
00000100010110000000100000010011
00000000000000000000111010010111
00000000110011101000111010010011
00000000110010010000100100010011
11111111011010011000100110010011
00000001001110010000101000110011
00000000000000000010101010010111
11110001100010101000101010010011
00000001010010101010100000100011
00000000001110100001101100010011
00000100010110000000100000010011
00000000000000000000111010010111
00000000110011101000111010010011
00000000110010010000100100010011
11111111011010011000100110010011
00000001001110010000101000110011
00000000000000000010101010010111
11101111000010101000101010010011
00000001010010101010100000100011
00000000001110100001101100010011
00000100010110000000100000010011
00000000000000000000111010010111
00000000110011101000111010010011
00000000110010010000100100010011
11111111011010011000100110010011
00000001001110010000101000110011
00000000000000000010101010010111
11101100100010101000101010010011
00000001010010101010100000100011
00000000001110100001101100010011
00000100010110000000100000010011
00000000000000000000111010010111
00000000110011101000111010010011
00000000110010010000100100010011
11111111011010011000100110010011
00000001001110010000101000110011
00000000000000000010101010010111
11101010000010101000101010010011
00000001010010101010100000100011
00000000001110100001101100010011
00000100010110000000100000010011
00000000000000000000111010010111
00000000110011101000111010010011
00000000110010010000100100010011
11111111011010011000100110010011
00000001001110010000101000110011
00000000000000000010101010010111
11100111100010101000101010010011
00000001010010101010100000100011
00000000001110100001101100010011
00000100010110000000100000010011
00000000000000000000111010010111
00000000110011101000111010010011
00000000110010010000100100010011
11111111011010011000100110010011
00000001001110010000101000110011
00000000000000000010101010010111
11100101000010101000101010010011
00000001010010101010100000100011
00000000001110100001101100010011
00000100010110000000100000010011
00000000000000000000111010010111
00000000110011101000111010010011
00000000110010010000100100010011
11111111011010011000100110010011
00000001001110010000101000110011
00000000000000000010101010010111
11100010100010101000101010010011
00000001010010101010100000100011
00000000001110100001101100010011
00000100010110000000100000010011
00000000000000000000111010010111
00000000110011101000111010010011
00000000110010010000100100010011
11111111011010011000100110010011
00000001001110010000101000110011
00000000000000000010101010010111
11100000000010101000101010010011
00000001010010101010100000100011
00000000001110100001101100010011
00000100010110000000100000010011
00000000000000000000111010010111
00000000110011101000111010010011
00000001001110010000101000110011
00000000000000000010101010010111
11011110000010101000101010010011
00000001010010101010100000100011
00000000001110100001101100010011
00000100010110000000100000010011
00000000000000000000111010010111
00000000110011101000111010010011
00000001000010101010001000100011
00000001000010101000000110100011
00000000101010001000100010010011
00000001000100101000001010010011
11111111110011101000111010010011
00000000110010010000100100010011
11111111011010011000100110010011
11111111011010011000100110010011
00000001001110010000101000110011
00000000000000000010101010010111
11011010000010101000101010010011
00000001010010101010100000100011
00000000001110100001101100010011
00000100010110000000100000010011
00000000000000000000111010010111
00000000110011101000111010010011
00000000110010010000100100010011
11111111011010011000100110010011
00000001001110010000101000110011
00000000000000000010101010010111
11010111100010101000101010010011
00000001010010101010100000100011
00000000001110100001101100010011
00000100010110000000100000010011
00000000000000000000111010010111
00000000110011101000111010010011
00000000110010010000100100010011
11111111011010011000100110010011
00000001001110010000101000110011
00000000000000000010101010010111
11010101000010101000101010010011
00000001010010101010100000100011
00000000001110100001101100010011
00000100010110000000100000010011
00000000000000000000111010010111
00000000110011101000111010010011
00000000110010010000100100010011
11111111011010011000100110010011
00000001001110010000101000110011
00000000000000000010101010010111
11010010100010101000101010010011
00000001010010101010100000100011
00000000001110100001101100010011
00000100010110000000100000010011
00000000000000000000111010010111
00000000110011101000111010010011
00000000110010010000100100010011
11111111011010011000100110010011
00000001001110010000101000110011
00000000000000000010101010010111
11010000000010101000101010010011
00000001010010101010100000100011
00000000001110100001101100010011
00000100010110000000100000010011
00000000000000000000111010010111
00000000110011101000111010010011
00000000110010010000100100010011
11111111011010011000100110010011
00000001001110010000101000110011
00000000000000000010101010010111
11001101100010101000101010010011
00000001010010101010100000100011
00000000001110100001101100010011
00000100010110000000100000010011
00000000000000000000111010010111
00000000110011101000111010010011
00000000110010010000100100010011
11111111011010011000100110010011
00000001001110010000101000110011
00000000000000000010101010010111
11001011000010101000101010010011
00000001010010101010100000100011
00000000001110100001101100010011
00000100010110000000100000010011
00000000000000000000111010010111
00000000110011101000111010010011
00000000110010010000100100010011
11111111011010011000100110010011
00000001001110010000101000110011
00000000000000000010101010010111
11001000100010101000101010010011
00000001010010101010100000100011
00000000001110100001101100010011
00000100010110000000100000010011
00000000000000000000111010010111
00000000110011101000111010010011
00000000110010010000100100010011
11111111011010011000100110010011
00000001001110010000101000110011
00000000000000000010101010010111
11000110000010101000101010010011
00000001010010101010100000100011
00000000001110100001101100010011
00000100010110000000100000010011
00000000000000000000111010010111
00000000110011101000111010010011
00000000110010010000100100010011
11111111011010011000100110010011
00000001001110010000101000110011
00000000000000000010101010010111
11000011100010101000101010010011
00000001010010101010100000100011
00000000001110100001101100010011
00000100010110000000100000010011
00000000000000000000111010010111
00000000110011101000111010010011
00000000110010010000100100010011
11111111011010011000100110010011
00000001001110010000101000110011
00000000000000000010101010010111
11000001000010101000101010010011
00000001010010101010100000100011
00000000001110100001101100010011
00000100010110000000100000010011
00000000000000000000111010010111
00000000110011101000111010010011
00000000110010010000100100010011
11111111011010011000100110010011
00000001001110010000101000110011
00000000000000000010101010010111
10111110100010101000101010010011
00000001010010101010100000100011
00000000001110100001101100010011
00000100010110000000100000010011
00000000000000000000111010010111
00000001001110010000101000110011
00000000000000000010101010010111
10111100110010101000101010010011
00000001010010101010100000100011
00000000001110100001101100010011
00000100010110000000100000010011
00000000000000000000111010010111
00000000110011101000111010010011
00000001000010101010001000100011
00000001000010101000000110100011
00000000101010001000100010010011
00000001000100101000001010010011
11111111110011101000111010010011
00000000110010010000100100010011
11111111011010011000100110010011
11111111011010011000100110010011
00000001001110010000101000110011
00000000000000000010101010010111
10111000110010101000101010010011
00000001010010101010100000100011
00000000001110100001101100010011
00000100010110000000100000010011
00000000000000000000111010010111
00000000110011101000111010010011
00000000110010010000100100010011
11111111011010011000100110010011
00000001001110010000101000110011
00000000000000000010101010010111
10110110010010101000101010010011
00000001010010101010100000100011
00000000001110100001101100010011
00000100010110000000100000010011
00000000000000000000111010010111
00000000110011101000111010010011
00000000110010010000100100010011
11111111011010011000100110010011
00000001001110010000101000110011
00000000000000000010101010010111
10110011110010101000101010010011
00000001010010101010100000100011
00000000001110100001101100010011
00000100010110000000100000010011
00000000000000000000111010010111
00000000110011101000111010010011
00000000110010010000100100010011
11111111011010011000100110010011
00000001001110010000101000110011
00000000000000000010101010010111
10110001010010101000101010010011
00000001010010101010100000100011
00000000001110100001101100010011
00000100010110000000100000010011
00000000000000000000111010010111
00000000110011101000111010010011
00000000110010010000100100010011
11111111011010011000100110010011
00000001001110010000101000110011
00000000000000000010101010010111
10101110110010101000101010010011
00000001010010101010100000100011
00000000001110100001101100010011
00000100010110000000100000010011
00000000000000000000111010010111
00000000110011101000111010010011
00000000110010010000100100010011
11111111011010011000100110010011
00000001001110010000101000110011
00000000000000000010101010010111
10101100010010101000101010010011
00000001010010101010100000100011
00000000001110100001101100010011
00000100010110000000100000010011
00000000000000000000111010010111
00000000110011101000111010010011
00000000110010010000100100010011
11111111011010011000100110010011
00000001001110010000101000110011
00000000000000000010101010010111
10101001110010101000101010010011
00000001010010101010100000100011
00000000001110100001101100010011
00000100010110000000100000010011
00000000000000000000111010010111
00000000110011101000111010010011
00000000110010010000100100010011
11111111011010011000100110010011
00000001001110010000101000110011
00000000000000000010101010010111
10100111010010101000101010010011
00000001010010101010100000100011
00000000001110100001101100010011
00000100010110000000100000010011
00000000000000000000111010010111
00000000110011101000111010010011
00000000110010010000100100010011
11111111011010011000100110010011
00000001001110010000101000110011
00000000000000000010101010010111
10100100110010101000101010010011
00000001010010101010100000100011
00000000001110100001101100010011
00000100010110000000100000010011
00000000000000000000111010010111
00000000110011101000111010010011
00000000110010010000100100010011
11111111011010011000100110010011
00000001001110010000101000110011
00000000000000000010101010010111
10100010010010101000101010010011
00000001010010101010100000100011
00000000001110100001101100010011
00000100010110000000100000010011
00000000000000000000111010010111
00000000110011101000111010010011
00000000110010010000100100010011
11111111011010011000100110010011
00000001001110010000101000110011
00000000000000000010101010010111
10011111110010101000101010010011
00000001010010101010100000100011
00000000001110100001101100010011
00000100010110000000100000010011
00000000000000000000111010010111
00000000110011101000111010010011
00000000110010010000100100010011
11111111011010011000100110010011
00000001001110010000101000110011
00000000000000000010101010010111
10011101010010101000101010010011
00000001010010101010100000100011
00000000001110100001101100010011
00000100010110000000100000010011
00000000000000000000111010010111
00000001001110010000101000110011
00000000000000000010101010010111
10011011100010101000101010010011
00000001010010101010100000100011
00000000001110100001101100010011
00000100010110000000100000010011
00000000000000000000111010010111
00000000110011101000111010010011
00000001000010101010001000100011
00000001000010101000000110100011
00000000101010001000100010010011
00000001000100101000001010010011
11111111110011101000111010010011
00000000110010010000100100010011
11111111011010011000100110010011
11111111011010011000100110010011
00000001001110010000101000110011
00000000000000000010101010010111
10010111100010101000101010010011
00000001010010101010100000100011
00000000001110100001101100010011
00000100010110000000100000010011
00000000000000000000111010010111
00000000110011101000111010010011
00000000110010010000100100010011
11111111011010011000100110010011
00000001001110010000101000110011
00000000000000000010101010010111
10010101000010101000101010010011
00000001010010101010100000100011
00000000001110100001101100010011
00000100010110000000100000010011
00000000000000000000111010010111
00000000110011101000111010010011
00000000110010010000100100010011
11111111011010011000100110010011
00000001001110010000101000110011
00000000000000000010101010010111
10010010100010101000101010010011
00000001010010101010100000100011
00000000001110100001101100010011
00000100010110000000100000010011
00000000000000000000111010010111
00000000110011101000111010010011
00000000110010010000100100010011
11111111011010011000100110010011
00000001001110010000101000110011
00000000000000000010101010010111
10010000000010101000101010010011
00000001010010101010100000100011
00000000001110100001101100010011
00000100010110000000100000010011
00000000000000000000111010010111
00000000110011101000111010010011
00000000110010010000100100010011
11111111011010011000100110010011
00000001001110010000101000110011
00000000000000000010101010010111
10001101100010101000101010010011
00000001010010101010100000100011
00000000001110100001101100010011
00000100010110000000100000010011
00000000000000000000111010010111
00000000110011101000111010010011
00000000110010010000100100010011
11111111011010011000100110010011
00000001001110010000101000110011
00000000000000000010101010010111
10001011000010101000101010010011
00000001010010101010100000100011
00000000001110100001101100010011
00000100010110000000100000010011
00000000000000000000111010010111
00000000110011101000111010010011
00000000110010010000100100010011
11111111011010011000100110010011
00000001001110010000101000110011
00000000000000000010101010010111
10001000100010101000101010010011
00000001010010101010100000100011
00000000001110100001101100010011
00000100010110000000100000010011
00000000000000000000111010010111
00000000110011101000111010010011
00000000110010010000100100010011
11111111011010011000100110010011
00000001001110010000101000110011
00000000000000000010101010010111
10000110000010101000101010010011
00000001010010101010100000100011
00000000001110100001101100010011
00000100010110000000100000010011
00000000000000000000111010010111
00000000110011101000111010010011
00000000110010010000100100010011
11111111011010011000100110010011
00000001001110010000101000110011
00000000000000000010101010010111
10000011100010101000101010010011
00000001010010101010100000100011
00000000001110100001101100010011
00000100010110000000100000010011
00000000000000000000111010010111
00000000110011101000111010010011
00000000110010010000100100010011
11111111011010011000100110010011
00000001001110010000101000110011
00000000000000000010101010010111
10000001000010101000101010010011
00000001010010101010100000100011
00000000001110100001101100010011
00000100010110000000100000010011
00000000000000000000111010010111
00000000110011101000111010010011
00000000110010010000100100010011
11111111011010011000100110010011
00000001001110010000101000110011
00000000000000000001101010010111
01111110100010101000101010010011
00000001010010101010100000100011
00000000001110100001101100010011
00000100010110000000100000010011
00000000000000000000111010010111
00000000110011101000111010010011
00000000110010010000100100010011
11111111011010011000100110010011
00000001001110010000101000110011
00000000000000000001101010010111
01111100000010101000101010010011
00000001010010101010100000100011
00000000001110100001101100010011
00000100010110000000100000010011
00000000000000000000111010010111
00000001001110010000101000110011
00000000000000000001101010010111
01111010010010101000101010010011
00000001010010101010100000100011
00000000001110100001101100010011
00000100010110000000100000010011
00000000000000000000111010010111
00000000110011101000111010010011
00000001000010101010001000100011
00000001000010101000000110100011
00000000101010001000100010010011
00000001000100101000001010010011
11111111110011101000111010010011
00000000110010010000100100010011
11111111011010011000100110010011
11111111011010011000100110010011
00000001001110010000101000110011
00000000000000000001101010010111
01110110010010101000101010010011
00000001010010101010100000100011
00000000001110100001101100010011
00000100010110000000100000010011
00000000000000000000111010010111
00000000110011101000111010010011
00000000110010010000100100010011
11111111011010011000100110010011
00000001001110010000101000110011
00000000000000000001101010010111
01110011110010101000101010010011
00000001010010101010100000100011
00000000001110100001101100010011
00000100010110000000100000010011
00000000000000000000111010010111
00000000110011101000111010010011
00000000110010010000100100010011
11111111011010011000100110010011
00000001001110010000101000110011
00000000000000000001101010010111
01110001010010101000101010010011
00000001010010101010100000100011
00000000001110100001101100010011
00000100010110000000100000010011
00000000000000000000111010010111
00000000110011101000111010010011
00000000110010010000100100010011
11111111011010011000100110010011
00000001001110010000101000110011
00000000000000000001101010010111
01101110110010101000101010010011
00000001010010101010100000100011
00000000001110100001101100010011
00000100010110000000100000010011
00000000000000000000111010010111
00000000110011101000111010010011
00000000110010010000100100010011
11111111011010011000100110010011
00000001001110010000101000110011
00000000000000000001101010010111
01101100010010101000101010010011
00000001010010101010100000100011
00000000001110100001101100010011
00000100010110000000100000010011
00000000000000000000111010010111
00000000110011101000111010010011
00000000110010010000100100010011
11111111011010011000100110010011
00000001001110010000101000110011
00000000000000000001101010010111
01101001110010101000101010010011
00000001010010101010100000100011
00000000001110100001101100010011
00000100010110000000100000010011
00000000000000000000111010010111
00000000110011101000111010010011
00000000110010010000100100010011
11111111011010011000100110010011
00000001001110010000101000110011
00000000000000000001101010010111
01100111010010101000101010010011
00000001010010101010100000100011
00000000001110100001101100010011
00000100010110000000100000010011
00000000000000000000111010010111
00000000110011101000111010010011
00000000110010010000100100010011
11111111011010011000100110010011
00000001001110010000101000110011
00000000000000000001101010010111
01100100110010101000101010010011
00000001010010101010100000100011
00000000001110100001101100010011
00000100010110000000100000010011
00000000000000000000111010010111
00000000110011101000111010010011
00000000110010010000100100010011
11111111011010011000100110010011
00000001001110010000101000110011
00000000000000000001101010010111
01100010010010101000101010010011
00000001010010101010100000100011
00000000001110100001101100010011
00000100010110000000100000010011
00000000000000000000111010010111
00000000110011101000111010010011
00000000110010010000100100010011
11111111011010011000100110010011
00000001001110010000101000110011
00000000000000000001101010010111
01011111110010101000101010010011
00000001010010101010100000100011
00000000001110100001101100010011
00000100010110000000100000010011
00000000000000000000111010010111
00000000110011101000111010010011
00000000110010010000100100010011
11111111011010011000100110010011
00000001001110010000101000110011
00000000000000000001101010010111
01011101010010101000101010010011
00000001010010101010100000100011
00000000001110100001101100010011
00000100010110000000100000010011
00000000000000000000111010010111
00000000110011101000111010010011
00000000110010010000100100010011
11111111011010011000100110010011
00000001001110010000101000110011
00000000000000000001101010010111
01011010110010101000101010010011
00000001010010101010100000100011
00000000001110100001101100010011
00000100010110000000100000010011
00000000000000000000111010010111
00000001001110010000101000110011
00000000000000000001101010010111
01011001000010101000101010010011
00000001010010101010100000100011
00000000001110100001101100010011
00000100010110000000100000010011
00000000000000000000111010010111
00000000110011101000111010010011
00000001000010101010001000100011
00000001000010101000000110100011
00000000101010001000100010010011
00000001000100101000001010010011
11111111110011101000111010010011
00000000110010010000100100010011
11111111011010011000100110010011
11111111011010011000100110010011
00000001001110010000101000110011
00000000000000000001101010010111
01010101000010101000101010010011
00000001010010101010100000100011
00000000001110100001101100010011
00000100010110000000100000010011
00000000000000000000111010010111
00000000110011101000111010010011
00000000110010010000100100010011
11111111011010011000100110010011
00000001001110010000101000110011
00000000000000000001101010010111
01010010100010101000101010010011
00000001010010101010100000100011
00000000001110100001101100010011
00000100010110000000100000010011
00000000000000000000111010010111
00000000110011101000111010010011
00000000110010010000100100010011
11111111011010011000100110010011
00000001001110010000101000110011
00000000000000000001101010010111
01010000000010101000101010010011
00000001010010101010100000100011
00000000001110100001101100010011
00000100010110000000100000010011
00000000000000000000111010010111
00000000110011101000111010010011
00000000110010010000100100010011
11111111011010011000100110010011
00000001001110010000101000110011
00000000000000000001101010010111
01001101100010101000101010010011
00000001010010101010100000100011
00000000001110100001101100010011
00000100010110000000100000010011
00000000000000000000111010010111
00000000110011101000111010010011
00000000110010010000100100010011
11111111011010011000100110010011
00000001001110010000101000110011
00000000000000000001101010010111
01001011000010101000101010010011
00000001010010101010100000100011
00000000001110100001101100010011
00000100010110000000100000010011
00000000000000000000111010010111
00000000110011101000111010010011
00000000110010010000100100010011
11111111011010011000100110010011
00000001001110010000101000110011
00000000000000000001101010010111
01001000100010101000101010010011
00000001010010101010100000100011
00000000001110100001101100010011
00000100010110000000100000010011
00000000000000000000111010010111
00000000110011101000111010010011
00000000110010010000100100010011
11111111011010011000100110010011
00000001001110010000101000110011
00000000000000000001101010010111
01000110000010101000101010010011
00000001010010101010100000100011
00000000001110100001101100010011
00000100010110000000100000010011
00000000000000000000111010010111
00000000110011101000111010010011
00000000110010010000100100010011
11111111011010011000100110010011
00000001001110010000101000110011
00000000000000000001101010010111
01000011100010101000101010010011
00000001010010101010100000100011
00000000001110100001101100010011
00000100010110000000100000010011
00000000000000000000111010010111
00000000110011101000111010010011
00000000110010010000100100010011
11111111011010011000100110010011
00000001001110010000101000110011
00000000000000000001101010010111
01000001000010101000101010010011
00000001010010101010100000100011
00000000001110100001101100010011
00000100010110000000100000010011
00000000000000000000111010010111
00000000110011101000111010010011
00000000110010010000100100010011
11111111011010011000100110010011
00000001001110010000101000110011
00000000000000000001101010010111
00111110100010101000101010010011
00000001010010101010100000100011
00000000001110100001101100010011
00000100010110000000100000010011
00000000000000000000111010010111
00000000110011101000111010010011
00000000110010010000100100010011
11111111011010011000100110010011
00000001001110010000101000110011
00000000000000000001101010010111
00111100000010101000101010010011
00000001010010101010100000100011
00000000001110100001101100010011
00000100010110000000100000010011
00000000000000000000111010010111
00000000110011101000111010010011
00000000110010010000100100010011
11111111011010011000100110010011
00000001001110010000101000110011
00000000000000000001101010010111
00111001100010101000101010010011
00000001010010101010100000100011
00000000001110100001101100010011
00000100010110000000100000010011
00000000000000000000111010010111
00000001001110010000101000110011
00000000000000000001101010010111
00110111110010101000101010010011
00000001010010101010100000100011
00000000001110100001101100010011
00000100010110000000100000010011
00000000000000000000111010010111
00000000110011101000111010010011
00000001000010101010001000100011
00000001000010101000000110100011
00000000101010001000100010010011
00000001000100101000001010010011
11111111110011101000111010010011
00000000110010010000100100010011
11111111011010011000100110010011
11111111011010011000100110010011
00000001001110010000101000110011
00000000000000000001101010010111
00110011110010101000101010010011
00000001010010101010100000100011
00000000001110100001101100010011
00000100010110000000100000010011
00000000000000000000111010010111
00000000110011101000111010010011
00000000110010010000100100010011
11111111011010011000100110010011
00000001001110010000101000110011
00000000000000000001101010010111
00110001010010101000101010010011
00000001010010101010100000100011
00000000001110100001101100010011
00000100010110000000100000010011
00000000000000000000111010010111
00000000110011101000111010010011
00000000110010010000100100010011
11111111011010011000100110010011
00000001001110010000101000110011
00000000000000000001101010010111
00101110110010101000101010010011
00000001010010101010100000100011
00000000001110100001101100010011
00000100010110000000100000010011
00000000000000000000111010010111
00000000110011101000111010010011
00000000110010010000100100010011
11111111011010011000100110010011
00000001001110010000101000110011
00000000000000000001101010010111
00101100010010101000101010010011
00000001010010101010100000100011
00000000001110100001101100010011
00000100010110000000100000010011
00000000000000000000111010010111
00000000110011101000111010010011
00000000110010010000100100010011
11111111011010011000100110010011
00000001001110010000101000110011
00000000000000000001101010010111
00101001110010101000101010010011
00000001010010101010100000100011
00000000001110100001101100010011
00000100010110000000100000010011
00000000000000000000111010010111
00000000110011101000111010010011
00000000110010010000100100010011
11111111011010011000100110010011
00000001001110010000101000110011
00000000000000000001101010010111
00100111010010101000101010010011
00000001010010101010100000100011
00000000001110100001101100010011
00000100010110000000100000010011
00000000000000000000111010010111
00000000110011101000111010010011
00000000110010010000100100010011
11111111011010011000100110010011
00000001001110010000101000110011
00000000000000000001101010010111
00100100110010101000101010010011
00000001010010101010100000100011
00000000001110100001101100010011
00000100010110000000100000010011
00000000000000000000111010010111
00000000110011101000111010010011
00000000110010010000100100010011
11111111011010011000100110010011
00000001001110010000101000110011
00000000000000000001101010010111
00100010010010101000101010010011
00000001010010101010100000100011
00000000001110100001101100010011
00000100010110000000100000010011
00000000000000000000111010010111
00000000110011101000111010010011
00000000110010010000100100010011
11111111011010011000100110010011
00000001001110010000101000110011
00000000000000000001101010010111
00011111110010101000101010010011
00000001010010101010100000100011
00000000001110100001101100010011
00000100010110000000100000010011
00000000000000000000111010010111
00000000110011101000111010010011
00000000110010010000100100010011
11111111011010011000100110010011
00000001001110010000101000110011
00000000000000000001101010010111
00011101010010101000101010010011
00000001010010101010100000100011
00000000001110100001101100010011
00000100010110000000100000010011
00000000000000000000111010010111
00000000110011101000111010010011
00000000110010010000100100010011
11111111011010011000100110010011
00000001001110010000101000110011
00000000000000000001101010010111
00011010110010101000101010010011
00000001010010101010100000100011
00000000001110100001101100010011
00000100010110000000100000010011
00000000000000000000111010010111
00000000110011101000111010010011
00000000110010010000100100010011
11111111011010011000100110010011
00000001001110010000101000110011
00000000000000000001101010010111
00011000010010101000101010010011
00000001010010101010100000100011
00000000001110100001101100010011
00000100010110000000100000010011
00000000000000000000111010010111
00000001001110010000101000110011
00000000000000000001101010010111
00010110100010101000101010010011
00000001010010101010100000100011
00000000001110100001101100010011
00000100010110000000100000010011
00000000000000000000111010010111
00000000110011101000111010010011
00000001000010101010001000100011
00000001000010101000000110100011
00000000101010001000100010010011
00000001000100101000001010010011
11111111110011101000111010010011
00000000110010010000100100010011
11111111011010011000100110010011
11111111011010011000100110010011
00000001001110010000101000110011
00000000000000000001101010010111
00010010100010101000101010010011
00000001010010101010100000100011
00000000001110100001101100010011
00000100010110000000100000010011
00000000000000000000111010010111
00000000110011101000111010010011
00000000110010010000100100010011
11111111011010011000100110010011
00000001001110010000101000110011
00000000000000000001101010010111
00010000000010101000101010010011
00000001010010101010100000100011
00000000001110100001101100010011
00000100010110000000100000010011
00000000000000000000111010010111
00000000110011101000111010010011
00000000110010010000100100010011
11111111011010011000100110010011
00000001001110010000101000110011
00000000000000000001101010010111
00001101100010101000101010010011
00000001010010101010100000100011
00000000001110100001101100010011
00000100010110000000100000010011
00000000000000000000111010010111
00000000110011101000111010010011
00000000110010010000100100010011
11111111011010011000100110010011
00000001001110010000101000110011
00000000000000000001101010010111
00001011000010101000101010010011
00000001010010101010100000100011
00000000001110100001101100010011
00000100010110000000100000010011
00000000000000000000111010010111
00000000110011101000111010010011
00000000110010010000100100010011
11111111011010011000100110010011
00000001001110010000101000110011
00000000000000000001101010010111
00001000100010101000101010010011
00000001010010101010100000100011
00000000001110100001101100010011
00000100010110000000100000010011
00000000000000000000111010010111
00000000110011101000111010010011
00000000110010010000100100010011
11111111011010011000100110010011
00000001001110010000101000110011
00000000000000000001101010010111
00000110000010101000101010010011
00000001010010101010100000100011
00000000001110100001101100010011
00000100010110000000100000010011
00000000000000000000111010010111
00000000110011101000111010010011
00000000110010010000100100010011
11111111011010011000100110010011
00000001001110010000101000110011
00000000000000000001101010010111
00000011100010101000101010010011
00000001010010101010100000100011
00000000001110100001101100010011
00000100010110000000100000010011
00000000000000000000111010010111
00000000110011101000111010010011
00000000110010010000100100010011
11111111011010011000100110010011
00000001001110010000101000110011
00000000000000000001101010010111
00000001000010101000101010010011
00000001010010101010100000100011
