00000000000000000000001100010111
00000000100000110000000011100111
00000000000000000011000100110111
01111111111100010000000100010011
01111111110100010000000100010011
00000000000000000010010100010111
11111111000001010000010100010011
00000000010000000000100010010011
00000000000000000000000001110011
00000000000000000010010100010111
11111101110001010000010100010011
00000000000001010010010100000011
00000000000100000000100010010011
00000000000000000000000001110011
00000000000000000000001100010111
00000011000000110000000011100111
00000000101000000000001010110011
00000000000000000010010100010111
11111100111101010000010100010011
00000000010000000000100010010011
00000000000000000000000001110011
00000000010100000000010100110011
00000000000100000000100010010011
00000000000000000000000001110011
00000000101000000000100010010011
00000000000000000000000001110011
00000000001001010010001010010011
00000000000000101000011001100011
00000000000100000000010100010011
00000000000000001000000001100111
11111111100000010000000100010011
00000000101000010010010000100011
00000000000100010010001000100011
11111111111101010000010100010011
00000000000000000000001100010111
11111110000000110000000011100111
00000000100000010010001010000011
00000000010100101000001010110011
11111111111100101000001010010011
00000000010101010000010100110011
00000000010000010010000010000011
00000000100000010000000100010011
00000000000000001000000001100111
